11 10
12 10
14 11
15 11
17 12
19 13
22 14
26 16
36 16
47 18
58 18
70 18
82 18
92 18
100 18
108 18
114 18
119 18
124 18
127 19
131 20
132 21
135 22
137 23
139 25
143 27
144 28
147 30
149 31
152 33
155 35
159 38
161 43
163 47
163 54
165 65
165 73
165 84
158 92
151 104
139 116
126 128
112 137
96 148
81 156
70 160
61 164
55 168
48 171
41 177
37 178
36 180
35 180
33 180
32 179
31 179
31 178
31 176
33 170
39 164
46 157
53 150
61 142
67 136
74 129
80 121
82 118
88 113
91 108
93 106
95 104
95 103
96 102
98 100
100 100
103 100
107 100
113 94
117 91
122 86
124 84
126 80
126 79
127 74
127 72
127 71
127 70
127 69
121 67
108 65
99 63
92 63
89 63
87 65
85 67
85 69
83 70
83 71
83 74
83 76
83 79
83 84
84 87
86 95
89 100
92 106
96 113
99 117
103 120
107 124
109 125
110 126
111 126
111 125
114 121
115 120
119 114
121 109
125 101
129 96
131 89
134 84
136 79
140 73
142 70
142 68
144 66
145 65
145 62
146 61
146 60
146 58
146 57
146 55
145 54
144 54
143 54
137 58
129 69
123 81
112 97
106 115
102 127
100 138
98 146
98 149
99 152
99 153
100 153
103 150
108 145
113 140
117 132
123 126
128 118
131 111
136 103
137 97
138 93
139 88
139 85
139 80
139 72
139 64
135 52
131 46
125 38
119 34
117 32
116 32
114 32
111 36
110 40
108 48
108 52
108 53
108 56
108 57
108 58
108 59
108 62
114 72
122 79
137 89
155 97
176 107
187 113
199 117
210 120
215 121
217 121
217 119
212 119
201 119
189 122
179 124
172 127
166 130
159 132
157 135
153 138
151 141
150 143
150 144
149 145
150 145
153 138
159 126
166 112
174 99
181 86
190 68
194 58
198 49
200 44
201 39
201 46
198 60
189 73
175 97
159 119
141 138
121 151
106 159
92 163
81 163
76 163
75 163
74 163
74 160
74 155
74 148
74 140
74 130
74 119
74 109
80 97
85 85
95 71
104 61
119 51
131 47
144 45
154 45
163 45
168 45
171 45
172 45
173 46
176 51
178 59
180 67
182 78
184 86
184 94
184 102
184 108
184 111
182 114
178 118
174 121
168 123
157 123
149 123
139 123
131 123
127 122
125 120
121 116
118 109
116 104
114 101
114 98
114 97
113 96
115 91
119 85
125 79
133 71
144 64
152 60
158 56
161 56
163 55
164 58
166 69
166 77
166 90
166 100
166 111
162 122
156 131
151 138
144 144
138 148
133 150
122 152
114 152
106 152
97 151
89 145
80 138
71 130
64 122
59 117
55 110
54 107
52 101
52 98
52 95
52 92
52 91
52 88
55 82
59 76
65 70
72 65
82 62
93 61
103 58
113 58
121 58
126 58
129 59
134 62
137 67
139 70
144 75
146 83
148 94
150 102
152 112
152 122
152 133
152 141
147 146
143 155
138 160
135 161
129 161
124 161
117 161
110 161
108 161
107 160
105 157
103 154
103 151
102 147
102 144
102 141
102 137
102 133
